217976	9.181708335876465
218031	9.181708335876465
227976	9.181708335876465
228031	9.181708335876465
2782186	9.181708335876465
2782205	9.181708335876465
2792186	9.181708335876465
2792205	9.181708335876465
2799023	9.181708335876465
2799042	9.181708335876465
2809023	9.181708335876465
2809042	9.181708335876465
2839140	9.181708335876465
2839241	9.181708335876465
2849140	9.181708335876465
2849241	9.181708335876465
2880451	9.181708335876465
2880470	9.181708335876465
2882876	9.181708335876465
2882897	9.181708335876465
2890451	9.181708335876465
2890470	9.181708335876465
2892876	9.181708335876465
2892897	9.181708335876465
2902056	9.181708335876465
2902075	9.181708335876465
2912056	9.181708335876465
2912075	9.181708335876465
2930555	9.181708335876465
2930574	9.181708335876465
2940555	9.181708335876465
2940574	9.181708335876465
2956111	9.181708335876465
2956487	9.181708335876465
2966111	9.181708335876465
2966487	9.181708335876465
3028164	9.181708335876465
3028183	9.181708335876465
3038164	9.181708335876465
3038183	9.181708335876465
3045716	9.181708335876465
3045887	9.181708335876465
3046624	9.181708335876465
3046680	9.181708335876465
3048646	9.181708335876465
3048670	9.181708335876465
3048802	9.181708335876465
3048844	9.181708335876465
3055716	9.181708335876465
3055887	9.181708335876465
3055915	9.181708335876465
3055985	9.181708335876465
3056624	9.181708335876465
3056680	9.181708335876465
3058646	9.181708335876465
3058670	9.181708335876465
3058802	9.181708335876465
3058844	9.181708335876465
3059822	9.181708335876465
3059919	9.181708335876465
3065915	9.181708335876465
3065985	9.181708335876465
3068777	9.181708335876465
3068851	9.181708335876465
3069822	9.181708335876465
3069919	9.181708335876465
3072687	9.181708335876465
3072694	9.181708335876465
3072793	9.181708335876465
3072800	9.181708335876465
3072901	9.181708335876465
3078777	9.181708335876465
3078851	9.181708335876465
3082687	9.181708335876465
3082694	9.181708335876465
3082793	9.181708335876465
3082800	9.181708335876465
3082901	9.181708335876465
3104098	9.181708335876465
3104160	9.181708335876465
3114098	9.181708335876465
3114160	9.181708335876465
3115528	9.181708335876465
3115689	9.181708335876465
3125528	9.181708335876465
3125689	9.181708335876465
3162112	9.181708335876465
3162117	9.181708335876465
3162314	9.181708335876465
3162319	9.181708335876465
3172112	9.181708335876465
3172117	9.181708335876465
3172314	9.181708335876465
3172319	9.181708335876465
3173835	9.181708335876465
3173967	9.181708335876465
3178016	9.181708335876465
3178075	9.181708335876465
3183835	9.181708335876465
3183967	9.181708335876465
3188016	9.181708335876465
3188075	9.181708335876465
3188270	9.181708335876465
3188404	9.181708335876465
3191548	9.181708335876465
3191609	9.181708335876465
3196017	9.181708335876465
3196179	9.181708335876465
3198270	9.181708335876465
3198404	9.181708335876465
3200871	9.181708335876465
3200933	9.181708335876465
3201548	9.181708335876465
3201609	9.181708335876465
3206017	9.181708335876465
3206179	9.181708335876465
3208678	9.181708335876465
3208726	9.181708335876465
3208819	9.181708335876465
3208831	9.181708335876465
3209583	9.181708335876465
3209745	9.181708335876465
3210871	9.181708335876465
3210933	9.181708335876465
3218678	9.181708335876465
3218726	9.181708335876465
3218819	9.181708335876465
3218831	9.181708335876465
3219583	9.181708335876465
3219745	9.181708335876465
3229878	9.181708335876465
3229956	9.181708335876465
3230026	9.181708335876465
3230131	9.181708335876465
3234155	9.181708335876465
3234174	9.181708335876465
3234227	9.181708335876465
3234242	9.181708335876465
3237445	9.181708335876465
3237503	9.181708335876465
3237549	9.181708335876465
3237710	9.181708335876465
3239878	9.181708335876465
3239956	9.181708335876465
3240026	9.181708335876465
3240131	9.181708335876465
3244155	9.181708335876465
3244174	9.181708335876465
3244227	9.181708335876465
3244242	9.181708335876465
3247445	9.181708335876465
3247503	9.181708335876465
3247549	9.181708335876465
3247710	9.181708335876465
3253415	9.181708335876465
3253468	9.181708335876465
3263415	9.181708335876465
3263468	9.181708335876465
3299684	9.181708335876465
3299786	9.181708335876465
3309684	9.181708335876465
3309786	9.181708335876465
3313587	9.181708335876465
3313591	9.181708335876465
3313665	9.181708335876465
3313728	9.181708335876465
3320992	9.181708335876465
3321139	9.181708335876465
3323587	9.181708335876465
3323591	9.181708335876465
3323665	9.181708335876465
3323728	9.181708335876465
3330992	9.181708335876465
3331139	9.181708335876465
3350213	9.181708335876465
3350257	9.181708335876465
3360213	9.181708335876465
3360257	9.181708335876465
3369781	9.181708335876465
3369904	9.181708335876465
3370097	9.181708335876465
3370163	9.181708335876465
3379781	9.181708335876465
3379904	9.181708335876465
3380097	9.181708335876465
3380163	9.181708335876465
3490247	9.181708335876465
3490257	9.181708335876465
3490425	9.181708335876465
3490453	9.181708335876465
3500247	9.181708335876465
3500257	9.181708335876465
3500425	9.181708335876465
3500453	9.181708335876465
3515631	9.181708335876465
3515836	9.181708335876465
3516250	9.181708335876465
3516418	9.181708335876465
3517146	9.181708335876465
3517312	9.181708335876465
3525631	9.181708335876465
3525836	9.181708335876465
3526250	9.181708335876465
3526418	9.181708335876465
3527146	9.181708335876465
3527312	9.181708335876465
3530091	9.181708335876465
3530096	9.181708335876465
3530267	9.181708335876465
3530283	9.181708335876465
3540091	9.181708335876465
3540096	9.181708335876465
3540267	9.181708335876465
3540283	9.181708335876465
3613527	9.181708335876465
3613584	9.181708335876465
3623527	9.181708335876465
3623584	9.181708335876465
3638205	9.181708335876465
3638403	9.181708335876465
3638457	9.181708335876465
3638580	9.181708335876465
3648205	9.181708335876465
3648403	9.181708335876465
3648457	9.181708335876465
3648580	9.181708335876465
3684773	9.181708335876465
3684876	9.181708335876465
3686347	9.181708335876465
3686352	9.181708335876465
3686369	9.181708335876465
3686512	9.181708335876465
3686522	9.181708335876465
3694773	9.181708335876465
3694876	9.181708335876465
3696347	9.181708335876465
3696352	9.181708335876465
3696369	9.181708335876465
3696512	9.181708335876465
3696522	9.181708335876465
3707157	9.181708335876465
3707311	9.181708335876465
3717157	9.181708335876465
3717311	9.181708335876465
3780018	9.181708335876465
3780050	9.181708335876465
3780241	9.181708335876465
3780251	9.181708335876465
3790018	9.181708335876465
3790050	9.181708335876465
3790241	9.181708335876465
3790251	9.181708335876465
3836686	9.181708335876465
3836717	9.181708335876465
3836729	9.181708335876465
3836751	9.181708335876465
3836753	9.181708335876465
3836824	9.181708335876465
3836922	9.181708335876465
3836932	9.181708335876465
3836941	9.181708335876465
3836947	9.181708335876465
3839476	9.181708335876465
3839610	9.181708335876465
3839611	9.181708335876465
3839638	9.181708335876465
3839749	9.181708335876465
3839783	9.181708335876465
3839809	9.181708335876465
3839813	9.181708335876465
3839937	9.181708335876465
3839946	9.181708335876465
3840014	9.181708335876465
3840056	9.181708335876465
3840083	9.181708335876465
3840131	9.181708335876465
3840132	9.181708335876465
3840158	9.181708335876465
3840159	9.181708335876465
3840171	9.181708335876465
3840185	9.181708335876465
3840264	9.181708335876465
3840301	9.181708335876465
3840328	9.181708335876465
3840366	9.181708335876465
3840382	9.181708335876465
3841118	9.181708335876465
3841119	9.181708335876465
3841208	9.181708335876465
3841217	9.181708335876465
3841291	9.181708335876465
3841294	9.181708335876465
3841384	9.181708335876465
3841408	9.181708335876465
3841528	9.181708335876465
3841614	9.181708335876465
3841806	9.181708335876465
3841972	9.181708335876465
3842193	9.181708335876465
3842218	9.181708335876465
3842242	9.181708335876465
3842379	9.181708335876465
3842392	9.181708335876465
3842404	9.181708335876465
3842561	9.181708335876465
3842632	9.181708335876465
3842779	9.181708335876465
3842869	9.181708335876465
3842895	9.181708335876465
3842907	9.181708335876465
3843015	9.181708335876465
3843060	9.181708335876465
3843123	9.181708335876465
3843131	9.181708335876465
3843134	9.181708335876465
3843158	9.181708335876465
3843167	9.181708335876465
3843195	9.181708335876465
3843202	9.181708335876465
3843229	9.181708335876465
3843290	9.181708335876465
3843298	9.181708335876465
3843353	9.181708335876465
3843550	9.181708335876465
3843658	9.181708335876465
3844343	9.181708335876465
3844360	9.181708335876465
3844493	9.181708335876465
3844516	9.181708335876465
3844539	9.181708335876465
3844547	9.181708335876465
3844570	9.181708335876465
3844645	9.181708335876465
3844720	9.181708335876465
3844766	9.181708335876465
3844821	9.181708335876465
3844874	9.181708335876465
3844885	9.181708335876465
3844945	9.181708335876465
3844954	9.181708335876465
3844970	9.181708335876465
3845013	9.181708335876465
3845026	9.181708335876465
3845076	9.181708335876465
3845078	9.181708335876465
3845083	9.181708335876465
3845086	9.181708335876465
3845088	9.181708335876465
3845096	9.181708335876465
3845097	9.181708335876465
3845110	9.181708335876465
3845117	9.181708335876465
3845118	9.181708335876465
3845119	9.181708335876465
3845124	9.181708335876465
3845143	9.181708335876465
3845147	9.181708335876465
3845157	9.181708335876465
3845176	9.181708335876465
3845184	9.181708335876465
3845218	9.181708335876465
3845224	9.181708335876465
3845238	9.181708335876465
3845247	9.181708335876465
3845258	9.181708335876465
3845267	9.181708335876465
3845275	9.181708335876465
3845282	9.181708335876465
3845301	9.181708335876465
3845322	9.181708335876465
3845323	9.181708335876465
3845326	9.181708335876465
3845329	9.181708335876465
3845331	9.181708335876465
3845351	9.181708335876465
3845377	9.181708335876465
3845379	9.181708335876465
3845419	9.181708335876465
3845425	9.181708335876465
3845436	9.181708335876465
3845464	9.181708335876465
3845474	9.181708335876465
3845483	9.181708335876465
3845506	9.181708335876465
3845515	9.181708335876465
3845556	9.181708335876465
3845566	9.181708335876465
3845568	9.181708335876465
3845607	9.181708335876465
3845608	9.181708335876465
3845640	9.181708335876465
3845687	9.181708335876465
3845725	9.181708335876465
3845734	9.181708335876465
3845739	9.181708335876465
3845747	9.181708335876465
3845766	9.181708335876465
3845833	9.181708335876465
3845846	9.181708335876465
3845899	9.181708335876465
3845923	9.181708335876465
3845930	9.181708335876465
3845932	9.181708335876465
3845935	9.181708335876465
3845937	9.181708335876465
3845950	9.181708335876465
3845955	9.181708335876465
3845993	9.181708335876465
3846031	9.181708335876465
3846043	9.181708335876465
3846049	9.181708335876465
3846093	9.181708335876465
3846115	9.181708335876465
3846150	9.181708335876465
3846244	9.181708335876465
3846257	9.181708335876465
3846327	9.181708335876465
3846468	9.181708335876465
3846527	9.181708335876465
3846557	9.181708335876465
3846602	9.181708335876465
3846607	9.181708335876465
3846686	9.181708335876465
3846717	9.181708335876465
3846729	9.181708335876465
3846751	9.181708335876465
3846753	9.181708335876465
3846824	9.181708335876465
3846848	9.181708335876465
3846858	9.181708335876465
3846880	9.181708335876465
3846922	9.181708335876465
3846932	9.181708335876465
3846941	9.181708335876465
3846947	9.181708335876465
3846976	9.181708335876465
3846995	9.181708335876465
3847004	9.181708335876465
3847008	9.181708335876465
3847016	9.181708335876465
3847025	9.181708335876465
3847035	9.181708335876465
3847053	9.181708335876465
3847058	9.181708335876465
3847068	9.181708335876465
3847186	9.181708335876465
3847212	9.181708335876465
3847226	9.181708335876465
3847255	9.181708335876465
3847264	9.181708335876465
3847379	9.181708335876465
3847384	9.181708335876465
3847435	9.181708335876465
3847440	9.181708335876465
3847507	9.181708335876465
3847517	9.181708335876465
3847600	9.181708335876465
3847768	9.181708335876465
3847771	9.181708335876465
3847851	9.181708335876465
3847860	9.181708335876465
3847928	9.181708335876465
3847945	9.181708335876465
3848019	9.181708335876465
3848096	9.181708335876465
3848198	9.181708335876465
3849476	9.181708335876465
3849610	9.181708335876465
3849611	9.181708335876465
3849625	9.181708335876465
3849627	9.181708335876465
3849638	9.181708335876465
3849735	9.181708335876465
3849749	9.181708335876465
3849762	9.181708335876465
3849783	9.181708335876465
3849809	9.181708335876465
3849813	9.181708335876465
3849822	9.181708335876465
3849937	9.181708335876465
3849946	9.181708335876465
3850014	9.181708335876465
3850056	9.181708335876465
3850083	9.181708335876465
3850131	9.181708335876465
3850132	9.181708335876465
3850158	9.181708335876465
3850159	9.181708335876465
3850171	9.181708335876465
3850185	9.181708335876465
3850264	9.181708335876465
3850301	9.181708335876465
3850328	9.181708335876465
3850366	9.181708335876465
3850382	9.181708335876465
3851118	9.181708335876465
3851119	9.181708335876465
3851208	9.181708335876465
3851217	9.181708335876465
3851291	9.181708335876465
3851294	9.181708335876465
3851384	9.181708335876465
3851408	9.181708335876465
3851528	9.181708335876465
3851614	9.181708335876465
3851806	9.181708335876465
3851972	9.181708335876465
3852193	9.181708335876465
3852218	9.181708335876465
3852242	9.181708335876465
3852379	9.181708335876465
3852392	9.181708335876465
3852404	9.181708335876465
3852561	9.181708335876465
3852632	9.181708335876465
3852779	9.181708335876465
3852869	9.181708335876465
3852895	9.181708335876465
3852907	9.181708335876465
3853015	9.181708335876465
3853060	9.181708335876465
3853123	9.181708335876465
3853131	9.181708335876465
3853134	9.181708335876465
3853158	9.181708335876465
3853167	9.181708335876465
3853195	9.181708335876465
3853202	9.181708335876465
3853229	9.181708335876465
3853290	9.181708335876465
3853298	9.181708335876465
3853353	9.181708335876465
3853550	9.181708335876465
3853658	9.181708335876465
3854343	9.181708335876465
3854360	9.181708335876465
3854493	9.181708335876465
3854516	9.181708335876465
3854539	9.181708335876465
3854547	9.181708335876465
3854570	9.181708335876465
3854645	9.181708335876465
3854720	9.181708335876465
3854766	9.181708335876465
3854821	9.181708335876465
3854874	9.181708335876465
3854885	9.181708335876465
3854945	9.181708335876465
3854954	9.181708335876465
3854970	9.181708335876465
3855013	9.181708335876465
3855026	9.181708335876465
3855076	9.181708335876465
3855078	9.181708335876465
3855083	9.181708335876465
3855086	9.181708335876465
3855088	9.181708335876465
3855096	9.181708335876465
3855097	9.181708335876465
3855110	9.181708335876465
3855117	9.181708335876465
3855118	9.181708335876465
3855119	9.181708335876465
3855124	9.181708335876465
3855143	9.181708335876465
3855147	9.181708335876465
3855157	9.181708335876465
3855176	9.181708335876465
3855184	9.181708335876465
3855218	9.181708335876465
3855224	9.181708335876465
3855238	9.181708335876465
3855247	9.181708335876465
3855258	9.181708335876465
3855267	9.181708335876465
3855275	9.181708335876465
3855282	9.181708335876465
3855301	9.181708335876465
3855322	9.181708335876465
3855323	9.181708335876465
3855326	9.181708335876465
3855329	9.181708335876465
3855331	9.181708335876465
3855351	9.181708335876465
3855377	9.181708335876465
3855379	9.181708335876465
3855419	9.181708335876465
3855425	9.181708335876465
3855436	9.181708335876465
3855464	9.181708335876465
3855474	9.181708335876465
3855483	9.181708335876465
3855506	9.181708335876465
3855515	9.181708335876465
3855556	9.181708335876465
3855566	9.181708335876465
3855568	9.181708335876465
3855607	9.181708335876465
3855608	9.181708335876465
3855640	9.181708335876465
3855687	9.181708335876465
3855725	9.181708335876465
3855734	9.181708335876465
3855739	9.181708335876465
3855747	9.181708335876465
3855766	9.181708335876465
3855833	9.181708335876465
3855846	9.181708335876465
3855899	9.181708335876465
3855923	9.181708335876465
3855930	9.181708335876465
3855932	9.181708335876465
3855935	9.181708335876465
3855937	9.181708335876465
3855950	9.181708335876465
3855955	9.181708335876465
3855993	9.181708335876465
3856031	9.181708335876465
3856043	9.181708335876465
3856049	9.181708335876465
3856093	9.181708335876465
3856115	9.181708335876465
3856150	9.181708335876465
3856244	9.181708335876465
3856257	9.181708335876465
3856327	9.181708335876465
3856468	9.181708335876465
3856527	9.181708335876465
3856557	9.181708335876465
3856602	9.181708335876465
3856607	9.181708335876465
3856809	9.181708335876465
3856848	9.181708335876465
3856858	9.181708335876465
3856880	9.181708335876465
3856882	9.181708335876465
3856976	9.181708335876465
3856995	9.181708335876465
3857004	9.181708335876465
3857008	9.181708335876465
3857016	9.181708335876465
3857025	9.181708335876465
3857035	9.181708335876465
3857053	9.181708335876465
3857058	9.181708335876465
3857068	9.181708335876465
3857186	9.181708335876465
3857212	9.181708335876465
3857226	9.181708335876465
3857255	9.181708335876465
3857264	9.181708335876465
3857379	9.181708335876465
3857384	9.181708335876465
3857435	9.181708335876465
3857440	9.181708335876465
3857507	9.181708335876465
3857517	9.181708335876465
3857600	9.181708335876465
3857768	9.181708335876465
3857771	9.181708335876465
3857851	9.181708335876465
3857860	9.181708335876465
3857928	9.181708335876465
3857945	9.181708335876465
3858019	9.181708335876465
3858096	9.181708335876465
3858198	9.181708335876465
3859625	9.181708335876465
3859627	9.181708335876465
3859735	9.181708335876465
3859762	9.181708335876465
3859822	9.181708335876465
3866809	9.181708335876465
3866882	9.181708335876465
3895839	9.181708335876465
3895991	9.181708335876465
3896050	9.181708335876465
3896134	9.181708335876465
3897643	9.181708335876465
3897697	9.181708335876465
3905839	9.181708335876465
3905991	9.181708335876465
3906050	9.181708335876465
3906134	9.181708335876465
3907643	9.181708335876465
3907697	9.181708335876465
3956977	9.181708335876465
3957114	9.181708335876465
3966977	9.181708335876465
3967114	9.181708335876465
4035837	9.181708335876465
4035934	9.181708335876465
4045837	9.181708335876465
4045934	9.181708335876465
4147699	9.181708335876465
4147757	9.181708335876465
4157699	9.181708335876465
4157757	9.181708335876465
4203044	9.181708335876465
4203228	9.181708335876465
4213044	9.181708335876465
4213228	9.181708335876465
4216039	9.181708335876465
4216058	9.181708335876465
4226039	9.181708335876465
4226058	9.181708335876465
4497506	9.181708335876465
4497577	9.181708335876465
4507506	9.181708335876465
4507577	9.181708335876465
4516488	9.181708335876465
4516583	9.181708335876465
4522980	9.181708335876465
4523058	9.181708335876465
4526488	9.181708335876465
4526583	9.181708335876465
4530015	9.181708335876465
4530044	9.181708335876465
4530049	9.181708335876465
4530089	9.181708335876465
4530172	9.181708335876465
4530188	9.181708335876465
4530193	9.181708335876465
4530198	9.181708335876465
4530284	9.181708335876465
4532980	9.181708335876465
4533058	9.181708335876465
4540015	9.181708335876465
4540044	9.181708335876465
4540049	9.181708335876465
4540089	9.181708335876465
4540172	9.181708335876465
4540188	9.181708335876465
4540193	9.181708335876465
4540198	9.181708335876465
4540284	9.181708335876465
4543685	9.181708335876465
4543692	9.181708335876465
4543707	9.181708335876465
4543770	9.181708335876465
4543795	9.181708335876465
4543796	9.181708335876465
4543800	9.181708335876465
4543909	9.181708335876465
4546927	9.181708335876465
4546929	9.181708335876465
4547022	9.181708335876465
4547034	9.181708335876465
4551791	9.181708335876465
4551861	9.181708335876465
4553685	9.181708335876465
4553692	9.181708335876465
4553707	9.181708335876465
4553770	9.181708335876465
4553795	9.181708335876465
4553796	9.181708335876465
4553800	9.181708335876465
4553909	9.181708335876465
4555058	9.181708335876465
4555250	9.181708335876465
4555308	9.181708335876465
4555523	9.181708335876465
4556927	9.181708335876465
4556929	9.181708335876465
4557022	9.181708335876465
4557034	9.181708335876465
4561791	9.181708335876465
4561861	9.181708335876465
4565058	9.181708335876465
4565250	9.181708335876465
4565308	9.181708335876465
4565523	9.181708335876465
4572770	9.181708335876465
4572832	9.181708335876465
4577370	9.181708335876465
4577497	9.181708335876465
4577899	9.181708335876465
4578110	9.181708335876465
4582770	9.181708335876465
4582832	9.181708335876465
4587370	9.181708335876465
4587497	9.181708335876465
4587899	9.181708335876465
4588110	9.181708335876465
4589159	9.181708335876465
4589203	9.181708335876465
4599159	9.181708335876465
4599203	9.181708335876465
4607452	9.181708335876465
4607633	9.181708335876465
4617452	9.181708335876465
4617633	9.181708335876465
4665002	9.181708335876465
4665115	9.181708335876465
4675002	9.181708335876465
4675012	9.181708335876465
4675115	9.181708335876465
4675129	9.181708335876465
4675217	9.181708335876465
4675291	9.181708335876465
4681822	9.181708335876465
4681996	9.181708335876465
4685012	9.181708335876465
4685129	9.181708335876465
4685217	9.181708335876465
4685291	9.181708335876465
4691822	9.181708335876465
4691996	9.181708335876465
4704518	9.181708335876465
4704543	9.181708335876465
4704650	9.181708335876465
4704732	9.181708335876465
4714518	9.181708335876465
4714543	9.181708335876465
4714650	9.181708335876465
4714732	9.181708335876465
4715627	9.181708335876465
4715698	9.181708335876465
4725627	9.181708335876465
4725698	9.181708335876465
4745514	9.181708335876465
4745652	9.181708335876465
4752580	9.181708335876465
4752686	9.181708335876465
4755514	9.181708335876465
4755652	9.181708335876465
4762580	9.181708335876465
4762686	9.181708335876465
4862335	9.181708335876465
4862512	9.181708335876465
4872335	9.181708335876465
4872512	9.181708335876465
4923006	9.181708335876465
4923067	9.181708335876465
4923274	9.181708335876465
4933006	9.181708335876465
4933067	9.181708335876465
4933274	9.181708335876465
4980576	9.181708335876465
4980646	9.181708335876465
4981162	9.181708335876465
4981337	9.181708335876465
4990576	9.181708335876465
4990646	9.181708335876465
4991162	9.181708335876465
4991337	9.181708335876465
5017607	9.181708335876465
5017813	9.181708335876465
5027005	9.181708335876465
5027075	9.181708335876465
5027607	9.181708335876465
5027813	9.181708335876465
5037005	9.181708335876465
5037075	9.181708335876465
5049947	9.181708335876465
5050014	9.181708335876465
5059947	9.181708335876465
5060014	9.181708335876465
5124248	9.181708335876465
5124441	9.181708335876465
5134248	9.181708335876465
5134441	9.181708335876465
5262993	9.181708335876465
5263088	9.181708335876465
5264536	9.181708335876465
5264692	9.181708335876465
5272993	9.181708335876465
5273088	9.181708335876465
5274536	9.181708335876465
5274692	9.181708335876465
5310361	9.181708335876465
5310414	9.181708335876465
5320361	9.181708335876465
5320414	9.181708335876465
5363812	9.181708335876465
5363865	9.181708335876465
5373812	9.181708335876465
5373865	9.181708335876465
5378764	9.181708335876465
5378783	9.181708335876465
5388764	9.181708335876465
5388783	9.181708335876465
5390985	9.181708335876465
5390996	9.181708335876465
5391003	9.181708335876465
5391082	9.181708335876465
5391138	9.181708335876465
5391167	9.181708335876465
5391175	9.181708335876465
5391184	9.181708335876465
5391194	9.181708335876465
5391224	9.181708335876465
5391231	9.181708335876465
5391309	9.181708335876465
5391324	9.181708335876465
5391357	9.181708335876465
5400985	9.181708335876465
5400996	9.181708335876465
5401003	9.181708335876465
5401082	9.181708335876465
5401138	9.181708335876465
5401167	9.181708335876465
5401175	9.181708335876465
5401184	9.181708335876465
5401194	9.181708335876465
5401224	9.181708335876465
5401231	9.181708335876465
5401309	9.181708335876465
5401324	9.181708335876465
5401357	9.181708335876465
5402990	9.181708335876465
5403171	9.181708335876465
5412990	9.181708335876465
5413171	9.181708335876465
5464851	9.181708335876465
5465081	9.181708335876465
5473015	9.181708335876465
5473137	9.181708335876465
5474851	9.181708335876465
5475081	9.181708335876465
5483015	9.181708335876465
5483137	9.181708335876465
5483243	9.181708335876465
5483262	9.181708335876465
5486398	9.181708335876465
5486594	9.181708335876465
5486927	9.181708335876465
5487065	9.181708335876465
5493243	9.181708335876465
5493262	9.181708335876465
5496398	9.181708335876465
5496594	9.181708335876465
5496927	9.181708335876465
5497065	9.181708335876465
5504889	9.181708335876465
5505103	9.181708335876465
5514889	9.181708335876465
5515103	9.181708335876465
5535944	9.181708335876465
5535996	9.181708335876465
5541200	9.181708335876465
5541219	9.181708335876465
5545944	9.181708335876465
5545996	9.181708335876465
5551200	9.181708335876465
5551219	9.181708335876465
5584913	9.181708335876465
5584996	9.181708335876465
5585113	9.181708335876465
5585119	9.181708335876465
5585680	9.181708335876465
5585709	9.181708335876465
5585874	9.181708335876465
5585875	9.181708335876465
5594913	9.181708335876465
5594996	9.181708335876465
5595113	9.181708335876465
5595119	9.181708335876465
5595680	9.181708335876465
5595709	9.181708335876465
5595874	9.181708335876465
5595875	9.181708335876465
5622370	9.181708335876465
5622528	9.181708335876465
5625147	9.181708335876465
5625189	9.181708335876465
5632370	9.181708335876465
5632528	9.181708335876465
5635147	9.181708335876465
5635189	9.181708335876465
5655742	9.181708335876465
5655761	9.181708335876465
5663280	9.181708335876465
5663348	9.181708335876465
5665742	9.181708335876465
5665761	9.181708335876465
5673280	9.181708335876465
5673348	9.181708335876465
5676336	9.181708335876465
5676403	9.181708335876465
5686336	9.181708335876465
5686403	9.181708335876465
5746766	9.181708335876465
5746866	9.181708335876465
5756294	9.181708335876465
5756338	9.181708335876465
5756766	9.181708335876465
5756816	9.181708335876465
5756841	9.181708335876465
5756852	9.181708335876465
5756864	9.181708335876465
5756866	9.181708335876465
5756869	9.181708335876465
5756898	9.181708335876465
5756992	9.181708335876465
5756997	9.181708335876465
5757086	9.181708335876465
5760298	9.181708335876465
5760451	9.181708335876465
5760506	9.181708335876465
5760594	9.181708335876465
5760728	9.181708335876465
5760802	9.181708335876465
5761920	9.181708335876465
5761960	9.181708335876465
5762106	9.181708335876465
5762133	9.181708335876465
5762166	9.181708335876465
5762263	9.181708335876465
5764425	9.181708335876465
5764535	9.181708335876465
5766294	9.181708335876465
5766338	9.181708335876465
5766816	9.181708335876465
5766841	9.181708335876465
5766852	9.181708335876465
5766864	9.181708335876465
5766869	9.181708335876465
5766898	9.181708335876465
5766992	9.181708335876465
5766997	9.181708335876465
5767086	9.181708335876465
5770298	9.181708335876465
5770451	9.181708335876465
5770506	9.181708335876465
5770594	9.181708335876465
5770728	9.181708335876465
5770802	9.181708335876465
5771881	9.181708335876465
5771920	9.181708335876465
5771960	9.181708335876465
5772046	9.181708335876465
5772053	9.181708335876465
5772054	9.181708335876465
5772066	9.181708335876465
5772106	9.181708335876465
5772125	9.181708335876465
5772133	9.181708335876465
5772166	9.181708335876465
5772178	9.181708335876465
5772217	9.181708335876465
5772224	9.181708335876465
5772250	9.181708335876465
5772263	9.181708335876465
5772268	9.181708335876465
5774425	9.181708335876465
5774535	9.181708335876465
5780265	9.181708335876465
5780494	9.181708335876465
5781881	9.181708335876465
5782046	9.181708335876465
5782053	9.181708335876465
5782054	9.181708335876465
5782066	9.181708335876465
5782125	9.181708335876465
5782178	9.181708335876465
5782217	9.181708335876465
5782224	9.181708335876465
5782250	9.181708335876465
5782268	9.181708335876465
5785363	9.181708335876465
5785415	9.181708335876465
5790265	9.181708335876465
5790494	9.181708335876465
5795363	9.181708335876465
5795415	9.181708335876465
5809583	9.181708335876465
5809795	9.181708335876465
5819583	9.181708335876465
5819795	9.181708335876465
5874776	9.181708335876465
5874960	9.181708335876465
5884776	9.181708335876465
5884960	9.181708335876465
5900260	9.181708335876465
5900460	9.181708335876465
5904420	9.181708335876465
5904431	9.181708335876465
5904586	9.181708335876465
5904606	9.181708335876465
5910260	9.181708335876465
5910460	9.181708335876465
5914420	9.181708335876465
5914431	9.181708335876465
5914586	9.181708335876465
5914606	9.181708335876465
5967299	9.181708335876465
5967319	9.181708335876465
5968945	9.181708335876465
5968957	9.181708335876465
5969054	9.181708335876465
5969075	9.181708335876465
5977299	9.181708335876465
5977319	9.181708335876465
5978945	9.181708335876465
5978957	9.181708335876465
5979054	9.181708335876465
5979075	9.181708335876465
6053485	9.181708335876465
6053504	9.181708335876465
6063485	9.181708335876465
6063504	9.181708335876465
6099480	9.181708335876465
6099651	9.181708335876465
6108172	9.181708335876465
6108260	9.181708335876465
6109480	9.181708335876465
6109651	9.181708335876465
6113486	9.181708335876465
6113620	9.181708335876465
6118172	9.181708335876465
6118260	9.181708335876465
6123486	9.181708335876465
6123620	9.181708335876465
6126397	9.181708335876465
6126508	9.181708335876465
6127110	9.181708335876465
6127205	9.181708335876465
6128835	9.181708335876465
6128928	9.181708335876465
6129673	9.181708335876465
6129784	9.181708335876465
6136397	9.181708335876465
6136508	9.181708335876465
6137110	9.181708335876465
6137205	9.181708335876465
6138835	9.181708335876465
6138928	9.181708335876465
6139673	9.181708335876465
6139784	9.181708335876465
6212218	9.181708335876465
6212292	9.181708335876465
6222218	9.181708335876465
6222292	9.181708335876465
6228804	9.181708335876465
6228978	9.181708335876465
6238804	9.181708335876465
6238978	9.181708335876465
6528995	9.181708335876465
6529146	9.181708335876465
6529157	9.181708335876465
6529409	9.181708335876465
6529764	9.181708335876465
6529886	9.181708335876465
6530094	9.181708335876465
6530433	9.181708335876465
6530481	9.181708335876465
6530602	9.181708335876465
6533635	9.181708335876465
6533654	9.181708335876465
6538995	9.181708335876465
6539146	9.181708335876465
6539157	9.181708335876465
6539409	9.181708335876465
6539764	9.181708335876465
6539886	9.181708335876465
6540094	9.181708335876465
6540433	9.181708335876465
6540481	9.181708335876465
6540602	9.181708335876465
6543635	9.181708335876465
6543654	9.181708335876465
6570522	9.181708335876465
6570542	9.181708335876465
6580522	9.181708335876465
6580542	9.181708335876465
6656796	9.181708335876465
6656877	9.181708335876465
6666796	9.181708335876465
6666877	9.181708335876465
6706990	9.181708335876465
6707046	9.181708335876465
6709399	9.181708335876465
6709419	9.181708335876465
6716990	9.181708335876465
6717046	9.181708335876465
6719399	9.181708335876465
6719419	9.181708335876465
6804853	9.181708335876465
6804872	9.181708335876465
6814853	9.181708335876465
6814872	9.181708335876465
6895305	9.181708335876465
6895326	9.181708335876465
6905305	9.181708335876465
6905326	9.181708335876465
6959388	9.181708335876465
6959409	9.181708335876465
6969388	9.181708335876465
6969409	9.181708335876465
6979217	9.181708335876465
6979236	9.181708335876465
6989217	9.181708335876465
6989236	9.181708335876465
7003401	9.181708335876465
7003420	9.181708335876465
7013401	9.181708335876465
7013420	9.181708335876465
7043311	9.181708335876465
7043330	9.181708335876465
7043332	9.181708335876465
7053311	9.181708335876465
7053330	9.181708335876465
7053332	9.181708335876465
7082905	9.181708335876465
7082924	9.181708335876465
7092905	9.181708335876465
7092924	9.181708335876465
7119497	9.181708335876465
7119593	9.181708335876465
7129497	9.181708335876465
7129593	9.181708335876465
7131615	9.181708335876465
7131687	9.181708335876465
7141615	9.181708335876465
7141687	9.181708335876465
7233663	9.181708335876465
7233682	9.181708335876465
7243663	9.181708335876465
7243682	9.181708335876465
7281956	9.181708335876465
7282014	9.181708335876465
7291956	9.181708335876465
7292014	9.181708335876465
7350859	9.181708335876465
7350878	9.181708335876465
7358491	9.181708335876465
7358820	9.181708335876465
7360859	9.181708335876465
7360878	9.181708335876465
7368491	9.181708335876465
7368820	9.181708335876465
7376451	9.181708335876465
7376530	9.181708335876465
7380785	9.181708335876465
7381031	9.181708335876465
7381038	9.181708335876465
7381398	9.181708335876465
7381678	9.181708335876465
7381815	9.181708335876465
7381824	9.181708335876465
7381887	9.181708335876465
7386451	9.181708335876465
7386530	9.181708335876465
7390785	9.181708335876465
7391031	9.181708335876465
7391038	9.181708335876465
7391398	9.181708335876465
7391678	9.181708335876465
7391815	9.181708335876465
7391824	9.181708335876465
7391887	9.181708335876465
7393366	9.181708335876465
7393385	9.181708335876465
7403366	9.181708335876465
7403385	9.181708335876465
7410571	9.181708335876465
7410590	9.181708335876465
7420571	9.181708335876465
7420590	9.181708335876465
7474899	9.181708335876465
7474918	9.181708335876465
7484899	9.181708335876465
7484918	9.181708335876465
7552408	9.181708335876465
7552427	9.181708335876465
7562408	9.181708335876465
7562427	9.181708335876465
7726416	9.181708335876465
7726435	9.181708335876465
7736416	9.181708335876465
7736435	9.181708335876465
7797648	9.181708335876465
7797667	9.181708335876465
7807648	9.181708335876465
7807667	9.181708335876465
7870016	9.181708335876465
7870035	9.181708335876465
7880016	9.181708335876465
7880035	9.181708335876465
7890307	9.181708335876465
7890326	9.181708335876465
7900307	9.181708335876465
7900326	9.181708335876465
8002613	9.181708335876465
8002633	9.181708335876465
8012613	9.181708335876465
8012633	9.181708335876465
8060498	9.181708335876465
8060517	9.181708335876465
8070498	9.181708335876465
8070517	9.181708335876465
8192267	9.181708335876465
8192442	9.181708335876465
8202267	9.181708335876465
8202442	9.181708335876465
8204486	9.181708335876465
8204570	9.181708335876465
8214486	9.181708335876465
8214570	9.181708335876465
8217907	9.181708335876465
8218091	9.181708335876465
8227907	9.181708335876465
8228091	9.181708335876465
8330718	9.181708335876465
8330739	9.181708335876465
8340718	9.181708335876465
8340739	9.181708335876465
8344580	9.181708335876465
8344601	9.181708335876465
8354580	9.181708335876465
8354601	9.181708335876465
8377505	9.181708335876465
8377524	9.181708335876465
8387505	9.181708335876465
8387524	9.181708335876465
8468994	9.181708335876465
8469013	9.181708335876465
8469857	9.181708335876465
8470061	9.181708335876465
8478994	9.181708335876465
8479013	9.181708335876465
8479857	9.181708335876465
8480061	9.181708335876465
8482133	9.181708335876465
8482134	9.181708335876465
8482153	9.181708335876465
8492133	9.181708335876465
8492134	9.181708335876465
8492153	9.181708335876465
8510199	9.181708335876465
8510218	9.181708335876465
8520199	9.181708335876465
8520218	9.181708335876465
8524143	9.181708335876465
8524162	9.181708335876465
8534143	9.181708335876465
8534162	9.181708335876465
8560712	9.181708335876465
8560731	9.181708335876465
8570712	9.181708335876465
8570731	9.181708335876465
8623389	9.181708335876465
8623390	9.181708335876465
8623408	9.181708335876465
8623411	9.181708335876465
8633389	9.181708335876465
8633390	9.181708335876465
8633408	9.181708335876465
8633411	9.181708335876465
8675596	9.181708335876465
8675617	9.181708335876465
8685596	9.181708335876465
8685617	9.181708335876465
8741247	9.181708335876465
8741266	9.181708335876465
8751247	9.181708335876465
8751266	9.181708335876465
8767233	9.181708335876465
8767252	9.181708335876465
8777233	9.181708335876465
8777252	9.181708335876465
8873246	9.181708335876465
8873265	9.181708335876465
8883246	9.181708335876465
8883265	9.181708335876465
8913072	9.181708335876465
8913166	9.181708335876465
8923072	9.181708335876465
8923166	9.181708335876465
8937244	9.181708335876465
8937263	9.181708335876465
8943229	9.181708335876465
8943250	9.181708335876465
8947244	9.181708335876465
8947263	9.181708335876465
8953229	9.181708335876465
8953250	9.181708335876465
9236483	9.181708335876465
9236586	9.181708335876465
9246483	9.181708335876465
9246586	9.181708335876465
9329245	9.181708335876465
9329265	9.181708335876465
9339245	9.181708335876465
9339265	9.181708335876465
9544827	9.181708335876465
9544846	9.181708335876465
9554827	9.181708335876465
9554846	9.181708335876465
9586760	9.181708335876465
9586844	9.181708335876465
9586951	9.181708335876465
9587048	9.181708335876465
9596760	9.181708335876465
9596844	9.181708335876465
9596951	9.181708335876465
9597048	9.181708335876465
9970283	9.181708335876465
9970303	9.181708335876465
9970988	9.181708335876465
9971007	9.181708335876465
9980283	9.181708335876465
9980303	9.181708335876465
9980988	9.181708335876465
9981007	9.181708335876465
10081306	9.181708335876465
10081348	9.181708335876465
10083330	9.181708335876465
10083488	9.181708335876465
10087489	9.181708335876465
10087510	9.181708335876465
10087546	9.181708335876465
10087678	9.181708335876465
10088217	9.181708335876465
10088242	9.181708335876465
10088730	9.181708335876465
10088918	9.181708335876465
10088927	9.181708335876465
10091306	9.181708335876465
10091348	9.181708335876465
10092291	9.181708335876465
10092467	9.181708335876465
10092992	9.181708335876465
10093039	9.181708335876465
10093330	9.181708335876465
10093488	9.181708335876465
10093610	9.181708335876465
10093616	9.181708335876465
10093724	9.181708335876465
10093810	9.181708335876465
10093815	9.181708335876465
10095147	9.181708335876465
10095240	9.181708335876465
10095293	9.181708335876465
10095347	9.181708335876465
10095350	9.181708335876465
10095355	9.181708335876465
10095386	9.181708335876465
10095498	9.181708335876465
10095500	9.181708335876465
10095512	9.181708335876465
10095524	9.181708335876465
10096396	9.181708335876465
10096499	9.181708335876465
10096591	9.181708335876465
10096616	9.181708335876465
10097489	9.181708335876465
10097510	9.181708335876465
10097546	9.181708335876465
10097678	9.181708335876465
10098054	9.181708335876465
10098156	9.181708335876465
10098217	9.181708335876465
10098242	9.181708335876465
10098730	9.181708335876465
10098918	9.181708335876465
10098927	9.181708335876465
10099056	9.181708335876465
10099241	9.181708335876465
10099270	9.181708335876465
10099339	9.181708335876465
10099664	9.181708335876465
10099865	9.181708335876465
10099943	9.181708335876465
10100114	9.181708335876465
10101353	9.181708335876465
10101384	9.181708335876465
10101386	9.181708335876465
10101410	9.181708335876465
10101417	9.181708335876465
10101419	9.181708335876465
10101422	9.181708335876465
10101428	9.181708335876465
10101431	9.181708335876465
10101433	9.181708335876465
10101499	9.181708335876465
10101502	9.181708335876465
10101503	9.181708335876465
10101523	9.181708335876465
10101528	9.181708335876465
10101551	9.181708335876465
10101552	9.181708335876465
10101571	9.181708335876465
10101579	9.181708335876465
10101953	9.181708335876465
10101997	9.181708335876465
10102291	9.181708335876465
10102377	9.181708335876465
10102467	9.181708335876465
10102573	9.181708335876465
10102992	9.181708335876465
10103039	9.181708335876465
10103307	9.181708335876465
10103320	9.181708335876465
10103392	9.181708335876465
10103558	9.181708335876465
10103610	9.181708335876465
10103616	9.181708335876465
10103724	9.181708335876465
10103810	9.181708335876465
10103815	9.181708335876465
10105147	9.181708335876465
10105240	9.181708335876465
10105293	9.181708335876465
10105347	9.181708335876465
10105350	9.181708335876465
10105355	9.181708335876465
10105386	9.181708335876465
10105498	9.181708335876465
10105500	9.181708335876465
10105512	9.181708335876465
10105524	9.181708335876465
10106396	9.181708335876465
10106499	9.181708335876465
10106591	9.181708335876465
10106616	9.181708335876465
10107391	9.181708335876465
10107536	9.181708335876465
10108054	9.181708335876465
10108156	9.181708335876465
10108885	9.181708335876465
10109056	9.181708335876465
10109065	9.181708335876465
10109241	9.181708335876465
10109270	9.181708335876465
10109339	9.181708335876465
10109664	9.181708335876465
10109825	9.181708335876465
10109865	9.181708335876465
10109941	9.181708335876465
10109943	9.181708335876465
10110114	9.181708335876465
10111353	9.181708335876465
10111384	9.181708335876465
10111386	9.181708335876465
10111410	9.181708335876465
10111417	9.181708335876465
10111419	9.181708335876465
10111422	9.181708335876465
10111428	9.181708335876465
10111431	9.181708335876465
10111433	9.181708335876465
10111499	9.181708335876465
10111502	9.181708335876465
10111503	9.181708335876465
10111523	9.181708335876465
10111528	9.181708335876465
10111551	9.181708335876465
10111552	9.181708335876465
10111571	9.181708335876465
10111579	9.181708335876465
10111953	9.181708335876465
10111997	9.181708335876465
10112377	9.181708335876465
10112573	9.181708335876465
10113307	9.181708335876465
10113320	9.181708335876465
10113392	9.181708335876465
10113558	9.181708335876465
10113721	9.181708335876465
10113884	9.181708335876465
10114128	9.181708335876465
10114269	9.181708335876465
10114301	9.181708335876465
10114435	9.181708335876465
10115263	9.181708335876465
10115366	9.181708335876465
10115549	9.181708335876465
10115595	9.181708335876465
10115713	9.181708335876465
10115723	9.181708335876465
10115785	9.181708335876465
10115797	9.181708335876465
10115883	9.181708335876465
10115893	9.181708335876465
10117391	9.181708335876465
10117520	9.181708335876465
10117536	9.181708335876465
10117735	9.181708335876465
10118178	9.181708335876465
10118201	9.181708335876465
10118274	9.181708335876465
10118319	9.181708335876465
10118354	9.181708335876465
10118395	9.181708335876465
10118441	9.181708335876465
10118483	9.181708335876465
10118484	9.181708335876465
10118544	9.181708335876465
10118566	9.181708335876465
10118582	9.181708335876465
10118583	9.181708335876465
10118885	9.181708335876465
10119065	9.181708335876465
10119446	9.181708335876465
10119601	9.181708335876465
10119788	9.181708335876465
10119825	9.181708335876465
10119925	9.181708335876465
10119941	9.181708335876465
10119978	9.181708335876465
10120085	9.181708335876465
10120314	9.181708335876465
10120453	9.181708335876465
10120654	9.181708335876465
10120833	9.181708335876465
10121651	9.181708335876465
10121745	9.181708335876465
10121831	9.181708335876465
10121940	9.181708335876465
10122200	9.181708335876465
10122308	9.181708335876465
10122422	9.181708335876465
10122423	9.181708335876465
10122603	9.181708335876465
10122725	9.181708335876465
10122977	9.181708335876465
10123207	9.181708335876465
10123721	9.181708335876465
10123884	9.181708335876465
10124128	9.181708335876465
10124269	9.181708335876465
10124301	9.181708335876465
10124435	9.181708335876465
10124456	9.181708335876465
10124463	9.181708335876465
10124527	9.181708335876465
10124542	9.181708335876465
10124802	9.181708335876465
10124852	9.181708335876465
10125255	9.181708335876465
10125263	9.181708335876465
10125368	9.181708335876465
10125549	9.181708335876465
10125595	9.181708335876465
10125713	9.181708335876465
10125723	9.181708335876465
10125785	9.181708335876465
10125797	9.181708335876465
10125883	9.181708335876465
10125893	9.181708335876465
10127520	9.181708335876465
10127735	9.181708335876465
10128178	9.181708335876465
10128201	9.181708335876465
10128274	9.181708335876465
10128319	9.181708335876465
10128354	9.181708335876465
10128395	9.181708335876465
10128441	9.181708335876465
10128483	9.181708335876465
10128484	9.181708335876465
10128544	9.181708335876465
10128566	9.181708335876465
10128582	9.181708335876465
10128583	9.181708335876465
10129446	9.181708335876465
10129601	9.181708335876465
10129788	9.181708335876465
10129925	9.181708335876465
10129978	9.181708335876465
10130085	9.181708335876465
10130314	9.181708335876465
10130453	9.181708335876465
10130654	9.181708335876465
10130833	9.181708335876465
10131651	9.181708335876465
10131745	9.181708335876465
10131831	9.181708335876465
10131940	9.181708335876465
10132200	9.181708335876465
10132308	9.181708335876465
10132422	9.181708335876465
10132423	9.181708335876465
10132603	9.181708335876465
10132725	9.181708335876465
10132977	9.181708335876465
10133207	9.181708335876465
10134456	9.181708335876465
10134463	9.181708335876465
10134527	9.181708335876465
10134542	9.181708335876465
10134802	9.181708335876465
10134852	9.181708335876465
10135255	9.181708335876465
10135366	9.181708335876465
10135368	9.181708335876465
10136710	9.181708335876465
10136900	9.181708335876465
10137662	9.181708335876465
10137830	9.181708335876465
10138843	9.181708335876465
10138895	9.181708335876465
10141329	9.181708335876465
10141495	9.181708335876465
10141519	9.181708335876465
10141520	9.181708335876465
10141525	9.181708335876465
10141536	9.181708335876465
10141537	9.181708335876465
10141547	9.181708335876465
10141550	9.181708335876465
10141569	9.181708335876465
10141581	9.181708335876465
10141591	9.181708335876465
10141611	9.181708335876465
10141679	9.181708335876465
10141703	9.181708335876465
10141704	9.181708335876465
10141721	9.181708335876465
10141729	9.181708335876465
10141730	9.181708335876465
10142170	9.181708335876465
10142175	9.181708335876465
10142186	9.181708335876465
10142233	9.181708335876465
10142329	9.181708335876465
10146710	9.181708335876465
10146900	9.181708335876465
10147662	9.181708335876465
10147830	9.181708335876465
10147897	9.181708335876465
10148048	9.181708335876465
10148843	9.181708335876465
10148895	9.181708335876465
10149472	9.181708335876465
10149566	9.181708335876465
10149822	9.181708335876465
10149959	9.181708335876465
10151329	9.181708335876465
10151495	9.181708335876465
10151519	9.181708335876465
10151520	9.181708335876465
10151525	9.181708335876465
10151536	9.181708335876465
10151537	9.181708335876465
10151547	9.181708335876465
10151550	9.181708335876465
10151569	9.181708335876465
10151581	9.181708335876465
10151591	9.181708335876465
10151611	9.181708335876465
10151679	9.181708335876465
10151703	9.181708335876465
10151704	9.181708335876465
10151721	9.181708335876465
10151729	9.181708335876465
10151730	9.181708335876465
10152170	9.181708335876465
10152175	9.181708335876465
10152186	9.181708335876465
10152233	9.181708335876465
10152329	9.181708335876465
10154540	9.181708335876465
10154600	9.181708335876465
10157897	9.181708335876465
10158048	9.181708335876465
10159472	9.181708335876465
10159566	9.181708335876465
10159822	9.181708335876465
10159959	9.181708335876465
10164166	9.181708335876465
10164206	9.181708335876465
10164540	9.181708335876465
10164600	9.181708335876465
10165065	9.181708335876465
10165130	9.181708335876465
10165848	9.181708335876465
10166018	9.181708335876465
10167658	9.181708335876465
10167695	9.181708335876465
10170179	9.181708335876465
10170334	9.181708335876465
10170480	9.181708335876465
10170555	9.181708335876465
10170657	9.181708335876465
10170668	9.181708335876465
10174166	9.181708335876465
10174206	9.181708335876465
10175065	9.181708335876465
10175130	9.181708335876465
10175848	9.181708335876465
10176018	9.181708335876465
10177658	9.181708335876465
10177695	9.181708335876465
10177921	9.181708335876465
10178087	9.181708335876465
10180179	9.181708335876465
10180334	9.181708335876465
10180480	9.181708335876465
10180555	9.181708335876465
10180657	9.181708335876465
10180668	9.181708335876465
10182858	9.181708335876465
10183045	9.181708335876465
10187921	9.181708335876465
10188015	9.181708335876465
10188087	9.181708335876465
10188091	9.181708335876465
10192858	9.181708335876465
10193000	9.181708335876465
10193045	9.181708335876465
10193097	9.181708335876465
10193679	9.181708335876465
10193733	9.181708335876465
10193808	9.181708335876465
10193910	9.181708335876465
10194014	9.181708335876465
10194017	9.181708335876465
10194611	9.181708335876465
10194776	9.181708335876465
10195121	9.181708335876465
10195287	9.181708335876465
10196857	9.181708335876465
10197090	9.181708335876465
10198015	9.181708335876465
10198091	9.181708335876465
10199300	9.181708335876465
10199522	9.181708335876465
10203000	9.181708335876465
10203097	9.181708335876465
10203679	9.181708335876465
10203733	9.181708335876465
10203808	9.181708335876465
10203910	9.181708335876465
10204014	9.181708335876465
10204017	9.181708335876465
10204611	9.181708335876465
10204776	9.181708335876465
10205121	9.181708335876465
10205287	9.181708335876465
10206857	9.181708335876465
10207090	9.181708335876465
10207813	9.181708335876465
10207898	9.181708335876465
10209300	9.181708335876465
10209522	9.181708335876465
10214205	9.181708335876465
10214376	9.181708335876465
10214384	9.181708335876465
10214472	9.181708335876465
10216688	9.181708335876465
10216881	9.181708335876465
10217813	9.181708335876465
10217898	9.181708335876465
10218630	9.181708335876465
10218693	9.181708335876465
10219776	9.181708335876465
10219881	9.181708335876465
10224205	9.181708335876465
10224376	9.181708335876465
10224384	9.181708335876465
10224472	9.181708335876465
10226015	9.181708335876465
10226023	9.181708335876465
10226028	9.181708335876465
10226030	9.181708335876465
10226070	9.181708335876465
10226085	9.181708335876465
10226092	9.181708335876465
10226102	9.181708335876465
10226106	9.181708335876465
10226144	9.181708335876465
10226174	9.181708335876465
10226186	9.181708335876465
10226192	9.181708335876465
10226194	9.181708335876465
10226304	9.181708335876465
10226657	9.181708335876465
10226662	9.181708335876465
10226688	9.181708335876465
10226842	9.181708335876465
10226881	9.181708335876465
10227345	9.181708335876465
10227369	9.181708335876465
10227381	9.181708335876465
10227527	9.181708335876465
10227559	9.181708335876465
10227560	9.181708335876465
10227574	9.181708335876465
10227575	9.181708335876465
10227649	9.181708335876465
10228630	9.181708335876465
10228693	9.181708335876465
10229776	9.181708335876465
10229881	9.181708335876465
10236015	9.181708335876465
10236023	9.181708335876465
10236028	9.181708335876465
10236030	9.181708335876465
10236070	9.181708335876465
10236085	9.181708335876465
10236092	9.181708335876465
10236102	9.181708335876465
10236106	9.181708335876465
10236144	9.181708335876465
10236174	9.181708335876465
10236186	9.181708335876465
10236192	9.181708335876465
10236194	9.181708335876465
10236304	9.181708335876465
10236657	9.181708335876465
10236662	9.181708335876465
10236842	9.181708335876465
10237345	9.181708335876465
10237369	9.181708335876465
10237381	9.181708335876465
10237527	9.181708335876465
10237559	9.181708335876465
10237560	9.181708335876465
10237574	9.181708335876465
10237575	9.181708335876465
10237649	9.181708335876465
10239214	9.181708335876465
10239371	9.181708335876465
10249214	9.181708335876465
10249371	9.181708335876465
11043688	9.181708335876465
11043714	9.181708335876465
11043753	9.181708335876465
11043754	9.181708335876465
11043926	9.181708335876465
11053688	9.181708335876465
11053714	9.181708335876465
11053753	9.181708335876465
11053754	9.181708335876465
11053926	9.181708335876465
11057295	9.181708335876465
11057316	9.181708335876465
11060969	9.181708335876465
11061040	9.181708335876465
11061511	9.181708335876465
11061513	9.181708335876465
11061683	9.181708335876465
11061685	9.181708335876465
11062617	9.181708335876465
11062773	9.181708335876465
11062822	9.181708335876465
11062904	9.181708335876465
11067295	9.181708335876465
11067316	9.181708335876465
11070969	9.181708335876465
11071040	9.181708335876465
11071511	9.181708335876465
11071513	9.181708335876465
11071683	9.181708335876465
11071685	9.181708335876465
11072617	9.181708335876465
11072773	9.181708335876465
11072822	9.181708335876465
11072904	9.181708335876465
11331292	9.181708335876465
11331458	9.181708335876465
11331508	9.181708335876465
11331620	9.181708335876465
11332216	9.181708335876465
11332391	9.181708335876465
11335940	9.181708335876465
11336041	9.181708335876465
11336072	9.181708335876465
11336218	9.181708335876465
11336358	9.181708335876465
11336455	9.181708335876465
11338535	9.181708335876465
11338546	9.181708335876465
11338710	9.181708335876465
11338723	9.181708335876465
11339199	9.181708335876465
11339420	9.181708335876465
11339573	9.181708335876465
11339599	9.181708335876465
11339728	9.181708335876465
11339732	9.181708335876465
11341292	9.181708335876465
11341313	9.181708335876465
11341373	9.181708335876465
11341458	9.181708335876465
11341508	9.181708335876465
11341620	9.181708335876465
11342216	9.181708335876465
11342391	9.181708335876465
11342789	9.181708335876465
11342796	9.181708335876465
11342845	9.181708335876465
11342854	9.181708335876465
11342989	9.181708335876465
11343015	9.181708335876465
11343712	9.181708335876465
11343754	9.181708335876465
11343849	9.181708335876465
11343854	9.181708335876465
11343866	9.181708335876465
11343901	9.181708335876465
11343996	9.181708335876465
11344375	9.181708335876465
11344382	9.181708335876465
11344503	9.181708335876465
11345309	9.181708335876465
11345496	9.181708335876465
11345940	9.181708335876465
11346041	9.181708335876465
11346072	9.181708335876465
11346158	9.181708335876465
11346218	9.181708335876465
11346246	9.181708335876465
11346258	9.181708335876465
11346288	9.181708335876465
11346311	9.181708335876465
11346322	9.181708335876465
11346338	9.181708335876465
11346358	9.181708335876465
11346418	9.181708335876465
11346455	9.181708335876465
11346468	9.181708335876465
11346473	9.181708335876465
11346499	9.181708335876465
11346543	9.181708335876465
11346609	9.181708335876465
11348082	9.181708335876465
11348252	9.181708335876465
11348351	9.181708335876465
11348401	9.181708335876465
11348535	9.181708335876465
11348546	9.181708335876465
11348572	9.181708335876465
11348574	9.181708335876465
11348710	9.181708335876465
11348723	9.181708335876465
11349199	9.181708335876465
11349420	9.181708335876465
11349573	9.181708335876465
11349599	9.181708335876465
11349728	9.181708335876465
11349732	9.181708335876465
11351313	9.181708335876465
11351373	9.181708335876465
11352789	9.181708335876465
11352796	9.181708335876465
11352845	9.181708335876465
11352854	9.181708335876465
11352989	9.181708335876465
11353015	9.181708335876465
11353080	9.181708335876465
11353105	9.181708335876465
11353123	9.181708335876465
11353126	9.181708335876465
11353137	9.181708335876465
11353230	9.181708335876465
11353292	9.181708335876465
11353294	9.181708335876465
11353301	9.181708335876465
11353303	9.181708335876465
11353324	9.181708335876465
11353503	9.181708335876465
11353712	9.181708335876465
11353754	9.181708335876465
11353849	9.181708335876465
11353854	9.181708335876465
11353866	9.181708335876465
11353901	9.181708335876465
11353996	9.181708335876465
11354043	9.181708335876465
11354244	9.181708335876465
11354321	9.181708335876465
11354375	9.181708335876465
11354382	9.181708335876465
11354391	9.181708335876465
11354503	9.181708335876465
11355084	9.181708335876465
11355164	9.181708335876465
11355309	9.181708335876465
11355496	9.181708335876465
11355616	9.181708335876465
11355784	9.181708335876465
11355824	9.181708335876465
11356030	9.181708335876465
11356158	9.181708335876465
11356246	9.181708335876465
11356258	9.181708335876465
11356288	9.181708335876465
11356311	9.181708335876465
11356322	9.181708335876465
11356338	9.181708335876465
11356418	9.181708335876465
11356468	9.181708335876465
11356473	9.181708335876465
11356499	9.181708335876465
11356543	9.181708335876465
11356609	9.181708335876465
11358082	9.181708335876465
11358238	9.181708335876465
11358252	9.181708335876465
11358351	9.181708335876465
11358401	9.181708335876465
11358403	9.181708335876465
11358572	9.181708335876465
11358574	9.181708335876465
11362734	9.181708335876465
11362807	9.181708335876465
11362861	9.181708335876465
11362889	9.181708335876465
11362916	9.181708335876465
11362938	9.181708335876465
11362987	9.181708335876465
11363080	9.181708335876465
11363105	9.181708335876465
11363123	9.181708335876465
11363126	9.181708335876465
11363137	9.181708335876465
11363230	9.181708335876465
11363292	9.181708335876465
11363294	9.181708335876465
11363301	9.181708335876465
11363303	9.181708335876465
11363324	9.181708335876465
11363503	9.181708335876465
11364043	9.181708335876465
11364244	9.181708335876465
11364321	9.181708335876465
11364391	9.181708335876465
11365084	9.181708335876465
11365164	9.181708335876465
11365616	9.181708335876465
11365784	9.181708335876465
11365824	9.181708335876465
11366030	9.181708335876465
11366390	9.181708335876465
11366470	9.181708335876465
11367169	9.181708335876465
11367274	9.181708335876465
11368238	9.181708335876465
11368403	9.181708335876465
11368751	9.181708335876465
11368840	9.181708335876465
11370563	9.181708335876465
11370768	9.181708335876465
11372734	9.181708335876465
11372807	9.181708335876465
11372861	9.181708335876465
11372889	9.181708335876465
11372916	9.181708335876465
11372938	9.181708335876465
11372987	9.181708335876465
11375032	9.181708335876465
11375089	9.181708335876465
11375250	9.181708335876465
11375255	9.181708335876465
11375521	9.181708335876465
11375529	9.181708335876465
11375720	9.181708335876465
11375745	9.181708335876465
11376390	9.181708335876465
11376470	9.181708335876465
11377169	9.181708335876465
11377274	9.181708335876465
11378506	9.181708335876465
11378512	9.181708335876465
11378656	9.181708335876465
11378668	9.181708335876465
11378751	9.181708335876465
11378840	9.181708335876465
11379823	9.181708335876465
11379949	9.181708335876465
11380504	9.181708335876465
11380538	9.181708335876465
11380563	9.181708335876465
11380638	9.181708335876465
11380665	9.181708335876465
11380673	9.181708335876465
11380768	9.181708335876465
11380780	9.181708335876465
11384167	9.181708335876465
11384195	9.181708335876465
11384224	9.181708335876465
11384253	9.181708335876465
11384292	9.181708335876465
11384306	9.181708335876465
11384309	9.181708335876465
11384863	9.181708335876465
11385032	9.181708335876465
11385072	9.181708335876465
11385089	9.181708335876465
11385250	9.181708335876465
11385255	9.181708335876465
11385521	9.181708335876465
11385529	9.181708335876465
11385720	9.181708335876465
11385745	9.181708335876465
11388038	9.181708335876465
11388165	9.181708335876465
11388506	9.181708335876465
11388512	9.181708335876465
11388656	9.181708335876465
11388668	9.181708335876465
11389823	9.181708335876465
11389949	9.181708335876465
11390504	9.181708335876465
11390538	9.181708335876465
11390638	9.181708335876465
11390658	9.181708335876465
11390665	9.181708335876465
11390673	9.181708335876465
11390742	9.181708335876465
11390780	9.181708335876465
11390864	9.181708335876465
11390877	9.181708335876465
11393955	9.181708335876465
11394002	9.181708335876465
11394167	9.181708335876465
11394195	9.181708335876465
11394224	9.181708335876465
11394253	9.181708335876465
11394292	9.181708335876465
11394306	9.181708335876465
11394309	9.181708335876465
11394863	9.181708335876465
11395007	9.181708335876465
11395050	9.181708335876465
11395072	9.181708335876465
11395575	9.181708335876465
11395708	9.181708335876465
11396134	9.181708335876465
11396202	9.181708335876465
11396526	9.181708335876465
11396705	9.181708335876465
11397378	9.181708335876465
11397441	9.181708335876465
11397489	9.181708335876465
11397629	9.181708335876465
11397634	9.181708335876465
11398038	9.181708335876465
11398165	9.181708335876465
11398622	9.181708335876465
11398774	9.181708335876465
11400658	9.181708335876465
11400742	9.181708335876465
11400864	9.181708335876465
11400877	9.181708335876465
11401179	9.181708335876465
11401414	9.181708335876465
11401546	9.181708335876465
11401717	9.181708335876465
11402066	9.181708335876465
11402229	9.181708335876465
11403955	9.181708335876465
11404002	9.181708335876465
11404531	9.181708335876465
11404535	9.181708335876465
11404725	9.181708335876465
11404726	9.181708335876465
11405007	9.181708335876465
11405050	9.181708335876465
11405575	9.181708335876465
11405708	9.181708335876465
11406134	9.181708335876465
11406202	9.181708335876465
11406526	9.181708335876465
11406705	9.181708335876465
11407378	9.181708335876465
11407441	9.181708335876465
11407489	9.181708335876465
11407629	9.181708335876465
11407634	9.181708335876465
11407637	9.181708335876465
11407820	9.181708335876465
11407822	9.181708335876465
11408499	9.181708335876465
11408502	9.181708335876465
11408585	9.181708335876465
11408622	9.181708335876465
11408671	9.181708335876465
11408774	9.181708335876465
11409525	9.181708335876465
11409544	9.181708335876465
11411179	9.181708335876465
11411414	9.181708335876465
11411546	9.181708335876465
11411717	9.181708335876465
11411851	9.181708335876465
11412024	9.181708335876465
11412066	9.181708335876465
11412229	9.181708335876465
11414531	9.181708335876465
11414535	9.181708335876465
11414725	9.181708335876465
11414726	9.181708335876465
11417637	9.181708335876465
11417820	9.181708335876465
11417822	9.181708335876465
11418499	9.181708335876465
11418502	9.181708335876465
11418585	9.181708335876465
11418671	9.181708335876465
11419525	9.181708335876465
11419544	9.181708335876465
11421851	9.181708335876465
11422024	9.181708335876465
11424362	9.181708335876465
11424460	9.181708335876465
11426215	9.181708335876465
11426233	9.181708335876465
11426240	9.181708335876465
11426248	9.181708335876465
11426295	9.181708335876465
11426301	9.181708335876465
11426314	9.181708335876465
11426325	9.181708335876465
11426398	9.181708335876465
11426405	9.181708335876465
11430570	9.181708335876465
11430799	9.181708335876465
11434362	9.181708335876465
11434460	9.181708335876465
11436215	9.181708335876465
11436233	9.181708335876465
11436240	9.181708335876465
11436248	9.181708335876465
11436295	9.181708335876465
11436301	9.181708335876465
11436314	9.181708335876465
11436325	9.181708335876465
11436398	9.181708335876465
11436405	9.181708335876465
11440570	9.181708335876465
11440799	9.181708335876465
11443905	9.181708335876465
11443925	9.181708335876465
11450469	9.181708335876465
11450627	9.181708335876465
11450699	9.181708335876465
11450778	9.181708335876465
11453905	9.181708335876465
11453925	9.181708335876465
11460469	9.181708335876465
11460627	9.181708335876465
11460699	9.181708335876465
11460778	9.181708335876465
11783256	9.181708335876465
11783281	9.181708335876465
11783384	9.181708335876465
11783400	9.181708335876465
11784193	9.181708335876465
11784194	9.181708335876465
11784200	9.181708335876465
11784257	9.181708335876465
11784263	9.181708335876465
11784265	9.181708335876465
11793256	9.181708335876465
11793281	9.181708335876465
11793384	9.181708335876465
11793400	9.181708335876465
11794193	9.181708335876465
11794194	9.181708335876465
11794200	9.181708335876465
11794257	9.181708335876465
11794263	9.181708335876465
11794265	9.181708335876465
11798281	9.181708335876465
11798364	9.181708335876465
11806588	9.181708335876465
11806602	9.181708335876465
11806631	9.181708335876465
11806758	9.181708335876465
11806770	9.181708335876465
11806805	9.181708335876465
11806807	9.181708335876465
11806810	9.181708335876465
11806955	9.181708335876465
11806980	9.181708335876465
11808281	9.181708335876465
11808364	9.181708335876465
11813699	9.181708335876465
11813840	9.181708335876465
11816588	9.181708335876465
11816602	9.181708335876465
11816631	9.181708335876465
11816758	9.181708335876465
11816770	9.181708335876465
11816805	9.181708335876465
11816807	9.181708335876465
11816810	9.181708335876465
11816955	9.181708335876465
11816980	9.181708335876465
11820150	9.181708335876465
11820324	9.181708335876465
11823699	9.181708335876465
11823840	9.181708335876465
11830150	9.181708335876465
11830324	9.181708335876465
11831169	9.181708335876465
11831222	9.181708335876465
11831255	9.181708335876465
11831312	9.181708335876465
11838565	9.181708335876465
11838654	9.181708335876465
11841169	9.181708335876465
11841222	9.181708335876465
11841255	9.181708335876465
11841312	9.181708335876465
11845886	9.181708335876465
11845890	9.181708335876465
11846102	9.181708335876465
11848565	9.181708335876465
11848654	9.181708335876465
11855886	9.181708335876465
11855890	9.181708335876465
11856102	9.181708335876465
11872193	9.181708335876465
11872212	9.181708335876465
11882193	9.181708335876465
11882212	9.181708335876465
11924958	9.181708335876465
11925116	9.181708335876465
11934958	9.181708335876465
11935116	9.181708335876465
11953256	9.181708335876465
11953275	9.181708335876465
11960710	9.181708335876465
11960729	9.181708335876465
11963256	9.181708335876465
11963275	9.181708335876465
11970710	9.181708335876465
11970729	9.181708335876465
11976386	9.181708335876465
11976405	9.181708335876465
11976451	9.181708335876465
11976645	9.181708335876465
11986386	9.181708335876465
11986405	9.181708335876465
11986451	9.181708335876465
11986645	9.181708335876465
12034317	9.181708335876465
12034337	9.181708335876465
12044317	9.181708335876465
12044337	9.181708335876465
12070325	9.181708335876465
12070345	9.181708335876465
12080325	9.181708335876465
12080345	9.181708335876465
12083924	9.181708335876465
12083943	9.181708335876465
12093924	9.181708335876465
12093943	9.181708335876465
12114270	9.181708335876465
12114438	9.181708335876465
12124270	9.181708335876465
12124438	9.181708335876465
12132745	9.181708335876465
12132819	9.181708335876465
12142745	9.181708335876465
12142819	9.181708335876465
12153637	9.181708335876465
12153657	9.181708335876465
12163637	9.181708335876465
12163657	9.181708335876465
12198580	9.181708335876465
12198810	9.181708335876465
12207934	9.181708335876465
12207953	9.181708335876465
12208580	9.181708335876465
12208810	9.181708335876465
12217934	9.181708335876465
12217953	9.181708335876465
12232020	9.181708335876465
12232032	9.181708335876465
12232073	9.181708335876465
12232212	9.181708335876465
12232214	9.181708335876465
12232239	9.181708335876465
12232371	9.181708335876465
12232598	9.181708335876465
12242020	9.181708335876465
12242032	9.181708335876465
12242073	9.181708335876465
12242212	9.181708335876465
12242214	9.181708335876465
12242239	9.181708335876465
12242371	9.181708335876465
12242598	9.181708335876465
12266807	9.181708335876465
12266826	9.181708335876465
12276807	9.181708335876465
12276826	9.181708335876465
12280684	9.181708335876465
12280703	9.181708335876465
12290684	9.181708335876465
12290703	9.181708335876465
12316749	9.181708335876465
12316768	9.181708335876465
12326749	9.181708335876465
12326768	9.181708335876465
12364468	9.181708335876465
12364470	9.181708335876465
12364478	9.181708335876465
12364513	9.181708335876465
12364692	9.181708335876465
12364698	9.181708335876465
12370354	9.181708335876465
12370373	9.181708335876465
12374468	9.181708335876465
12374470	9.181708335876465
12374478	9.181708335876465
12374513	9.181708335876465
12374692	9.181708335876465
12374698	9.181708335876465
12380354	9.181708335876465
12380373	9.181708335876465
12387169	9.181708335876465
12387171	9.181708335876465
12387172	9.181708335876465
12387173	9.181708335876465
12387234	9.181708335876465
12397169	9.181708335876465
12397171	9.181708335876465
12397172	9.181708335876465
12397173	9.181708335876465
12397234	9.181708335876465
12486640	9.181708335876465
12486661	9.181708335876465
12496640	9.181708335876465
12496661	9.181708335876465
12502872	9.181708335876465
12503040	9.181708335876465
12512872	9.181708335876465
12513040	9.181708335876465
12577455	9.181708335876465
12577474	9.181708335876465
12587455	9.181708335876465
12587474	9.181708335876465
12589404	9.181708335876465
12589423	9.181708335876465
12599404	9.181708335876465
12599423	9.181708335876465
12638641	9.181708335876465
12638694	9.181708335876465
12648641	9.181708335876465
12648694	9.181708335876465
12657373	9.181708335876465
12657420	9.181708335876465
12657528	9.181708335876465
12657547	9.181708335876465
12667373	9.181708335876465
12667420	9.181708335876465
12667528	9.181708335876465
12667547	9.181708335876465
12689589	9.181708335876465
12689608	9.181708335876465
12699589	9.181708335876465
12699608	9.181708335876465
12851653	9.181708335876465
12851702	9.181708335876465
12852036	9.181708335876465
12852055	9.181708335876465
12861653	9.181708335876465
12861702	9.181708335876465
12862036	9.181708335876465
12862055	9.181708335876465
12893914	9.181708335876465
12893933	9.181708335876465
12903914	9.181708335876465
12903933	9.181708335876465
12909561	9.181708335876465
12909580	9.181708335876465
12910701	9.181708335876465
12910940	9.181708335876465
12919561	9.181708335876465
12919580	9.181708335876465
12920701	9.181708335876465
12920940	9.181708335876465
12989873	9.181708335876465
12989892	9.181708335876465
12994619	9.181708335876465
12994667	9.181708335876465
12999873	9.181708335876465
12999892	9.181708335876465
13004619	9.181708335876465
13004667	9.181708335876465
13031653	9.181708335876465
13031754	9.181708335876465
13041653	9.181708335876465
13041754	9.181708335876465
13133700	9.181708335876465
13133834	9.181708335876465
13143700	9.181708335876465
13143834	9.181708335876465
13277863	9.181708335876465
13277865	9.181708335876465
13277910	9.181708335876465
13282286	9.181708335876465
13282451	9.181708335876465
13287863	9.181708335876465
13287865	9.181708335876465
13287910	9.181708335876465
13292286	9.181708335876465
13292451	9.181708335876465
13314863	9.181708335876465
13314882	9.181708335876465
13324863	9.181708335876465
13324882	9.181708335876465
13371101	9.181708335876465
13371213	9.181708335876465
13381101	9.181708335876465
13381213	9.181708335876465
13640263	9.181708335876465
13640282	9.181708335876465
13650263	9.181708335876465
13650282	9.181708335876465
13660308	9.181708335876465
13660327	9.181708335876465
13670308	9.181708335876465
13670327	9.181708335876465
13760065	9.181708335876465
13760084	9.181708335876465
13770065	9.181708335876465
13770084	9.181708335876465
13926279	9.181708335876465
13926298	9.181708335876465
13936279	9.181708335876465
13936298	9.181708335876465
14085081	9.181708335876465
14085100	9.181708335876465
14095081	9.181708335876465
14095100	9.181708335876465
14097588	9.181708335876465
14097659	9.181708335876465
14107588	9.181708335876465
14107659	9.181708335876465
14134019	9.181708335876465
14134040	9.181708335876465
14144019	9.181708335876465
14144040	9.181708335876465
14176284	9.181708335876465
14176303	9.181708335876465
14186284	9.181708335876465
14186303	9.181708335876465
14224964	9.181708335876465
14224983	9.181708335876465
14234964	9.181708335876465
14234983	9.181708335876465
14265027	9.181708335876465
14265046	9.181708335876465
14275027	9.181708335876465
14275046	9.181708335876465
14295628	9.181708335876465
14295647	9.181708335876465
14305628	9.181708335876465
14305647	9.181708335876465
14416162	9.181708335876465
14416181	9.181708335876465
14426162	9.181708335876465
14426181	9.181708335876465
14492390	9.181708335876465
14492411	9.181708335876465
14502390	9.181708335876465
14502411	9.181708335876465
14519669	9.181708335876465
14519688	9.181708335876465
14529669	9.181708335876465
14529688	9.181708335876465
14590235	9.181708335876465
14590280	9.181708335876465
14600235	9.181708335876465
14600280	9.181708335876465
14635773	9.181708335876465
14635792	9.181708335876465
14645773	9.181708335876465
14645792	9.181708335876465
14678863	9.181708335876465
14678882	9.181708335876465
14688863	9.181708335876465
14688882	9.181708335876465
14730854	9.181708335876465
14730873	9.181708335876465
14737237	9.181708335876465
14737256	9.181708335876465
14740854	9.181708335876465
14740873	9.181708335876465
14747237	9.181708335876465
14747256	9.181708335876465
14890744	9.181708335876465
14890763	9.181708335876465
14899508	9.181708335876465
14899529	9.181708335876465
14900744	9.181708335876465
14900763	9.181708335876465
14905346	9.181708335876465
14905366	9.181708335876465
14909508	9.181708335876465
14909529	9.181708335876465
14915346	9.181708335876465
14915366	9.181708335876465
15034182	9.181708335876465
15034201	9.181708335876465
15038452	9.181708335876465
15038471	9.181708335876465
15044182	9.181708335876465
15044201	9.181708335876465
15048452	9.181708335876465
15048471	9.181708335876465
15110529	9.181708335876465
15110726	9.181708335876465
15120529	9.181708335876465
15120726	9.181708335876465
15209701	9.181708335876465
15209721	9.181708335876465
15219701	9.181708335876465
15219721	9.181708335876465
15232832	9.181708335876465
15232852	9.181708335876465
15242832	9.181708335876465
15242852	9.181708335876465
15262879	9.181708335876465
15263023	9.181708335876465
15272879	9.181708335876465
15273023	9.181708335876465
15277999	9.181708335876465
15278001	9.181708335876465
15278018	9.181708335876465
15278020	9.181708335876465
15287999	9.181708335876465
15288001	9.181708335876465
15288018	9.181708335876465
15288020	9.181708335876465
15298906	9.181708335876465
15298925	9.181708335876465
15305316	9.181708335876465
15305335	9.181708335876465
15308906	9.181708335876465
15308925	9.181708335876465
15315316	9.181708335876465
15315335	9.181708335876465
15343210	9.181708335876465
15343230	9.181708335876465
15353210	9.181708335876465
15353230	9.181708335876465
15379299	9.181708335876465
15379318	9.181708335876465
15389299	9.181708335876465
15389318	9.181708335876465
15401801	9.181708335876465
15401852	9.181708335876465
15411801	9.181708335876465
15411852	9.181708335876465
15426789	9.181708335876465
15426971	9.181708335876465
15431854	9.181708335876465
15431876	9.181708335876465
15436789	9.181708335876465
15436971	9.181708335876465
15441854	9.181708335876465
15441876	9.181708335876465
15449932	9.181708335876465
15449951	9.181708335876465
15450654	9.181708335876465
15450675	9.181708335876465
15459932	9.181708335876465
15459951	9.181708335876465
15460654	9.181708335876465
15460675	9.181708335876465
15501478	9.181708335876465
15501497	9.181708335876465
15511478	9.181708335876465
15511497	9.181708335876465
15781261	9.181708335876465
15781280	9.181708335876465
15791261	9.181708335876465
15791280	9.181708335876465
15796491	9.181708335876465
15796549	9.181708335876465
15806491	9.181708335876465
15806549	9.181708335876465
15860293	9.181708335876465
15860312	9.181708335876465
15870293	9.181708335876465
15870312	9.181708335876465
15877906	9.181708335876465
15878012	9.181708335876465
15887906	9.181708335876465
15888012	9.181708335876465
16015008	9.181708335876465
16015054	9.181708335876465
16025008	9.181708335876465
16025054	9.181708335876465
16096978	9.181708335876465
16096999	9.181708335876465
16106978	9.181708335876465
16106999	9.181708335876465
16108865	9.181708335876465
16108884	9.181708335876465
16118865	9.181708335876465
16118884	9.181708335876465
16538809	9.181708335876465
16538811	9.181708335876465
16538828	9.181708335876465
16538830	9.181708335876465
16548657	9.181708335876465
16548676	9.181708335876465
16548809	9.181708335876465
16548811	9.181708335876465
16548828	9.181708335876465
16548830	9.181708335876465
16558657	9.181708335876465
16558676	9.181708335876465
16600740	9.181708335876465
16600791	9.181708335876465
16603475	9.181708335876465
16603494	9.181708335876465
16610740	9.181708335876465
16610791	9.181708335876465
16613475	9.181708335876465
16613494	9.181708335876465
16730527	9.181708335876465
16730709	9.181708335876465
16740330	9.181708335876465
16740350	9.181708335876465
16740527	9.181708335876465
16740709	9.181708335876465
16744122	9.181708335876465
16744141	9.181708335876465
16750330	9.181708335876465
16750350	9.181708335876465
16754122	9.181708335876465
16754141	9.181708335876465
16782227	9.181708335876465
16782250	9.181708335876465
16792227	9.181708335876465
16792250	9.181708335876465
16859210	9.181708335876465
16859264	9.181708335876465
16864240	9.181708335876465
16864259	9.181708335876465
16869210	9.181708335876465
16869264	9.181708335876465
16874240	9.181708335876465
16874259	9.181708335876465
16877047	9.181708335876465
16877066	9.181708335876465
16887047	9.181708335876465
16887066	9.181708335876465
16930089	9.181708335876465
16930110	9.181708335876465
16940089	9.181708335876465
16940110	9.181708335876465
16963207	9.181708335876465
16963228	9.181708335876465
16972449	9.181708335876465
16972484	9.181708335876465
16973207	9.181708335876465
16973228	9.181708335876465
16982449	9.181708335876465
16982484	9.181708335876465
17077192	9.181708335876465
17077211	9.181708335876465
17077686	9.181708335876465
17077705	9.181708335876465
17087192	9.181708335876465
17087211	9.181708335876465
17087686	9.181708335876465
17087705	9.181708335876465
17117627	9.181708335876465
17117646	9.181708335876465
17127627	9.181708335876465
17127646	9.181708335876465
17231638	9.181708335876465
17231832	9.181708335876465
17241638	9.181708335876465
17241832	9.181708335876465
17354811	9.181708335876465
17354830	9.181708335876465
17364811	9.181708335876465
17364830	9.181708335876465
17415695	9.181708335876465
17415716	9.181708335876465
17425695	9.181708335876465
17425716	9.181708335876465
17685726	9.181708335876465
17685829	9.181708335876465
17695726	9.181708335876465
17695829	9.181708335876465
18670495	9.181708335876465
18670514	9.181708335876465
18680495	9.181708335876465
18680514	9.181708335876465
18880643	9.181708335876465
18880662	9.181708335876465
18890643	9.181708335876465
18890662	9.181708335876465
18964370	9.181708335876465
18964389	9.181708335876465
18974370	9.181708335876465
18974389	9.181708335876465
19163188	9.181708335876465
19163209	9.181708335876465
19173188	9.181708335876465
19173209	9.181708335876465
19268020	9.181708335876465
19268039	9.181708335876465
19278020	9.181708335876465
19278039	9.181708335876465
19401583	9.181708335876465
19401602	9.181708335876465
19405985	9.181708335876465
19406004	9.181708335876465
19411583	9.181708335876465
19411602	9.181708335876465
19413657	9.181708335876465
19413834	9.181708335876465
19415985	9.181708335876465
19416004	9.181708335876465
19423657	9.181708335876465
19423834	9.181708335876465
19500216	9.181708335876465
19500235	9.181708335876465
19510216	9.181708335876465
19510235	9.181708335876465
19556801	9.181708335876465
19556820	9.181708335876465
19566801	9.181708335876465
19566820	9.181708335876465
19580855	9.181708335876465
19581067	9.181708335876465
19590855	9.181708335876465
19591067	9.181708335876465
19613455	9.181708335876465
19613474	9.181708335876465
19623455	9.181708335876465
19623474	9.181708335876465
19702623	9.181708335876465
19702642	9.181708335876465
19712623	9.181708335876465
19712642	9.181708335876465
19755226	9.181708335876465
19755245	9.181708335876465
19765226	9.181708335876465
19765245	9.181708335876465
19867437	9.181708335876465
19867456	9.181708335876465
19877437	9.181708335876465
19877456	9.181708335876465
19881980	9.181708335876465
19882000	9.181708335876465
19891980	9.181708335876465
19892000	9.181708335876465
19901600	9.181708335876465
19901620	9.181708335876465
19911600	9.181708335876465
19911620	9.181708335876465
19927638	9.181708335876465
19927657	9.181708335876465
19937638	9.181708335876465
19937657	9.181708335876465
19954151	9.181708335876465
19954170	9.181708335876465
19964151	9.181708335876465
19964170	9.181708335876465
20114190	9.181708335876465
20114209	9.181708335876465
20124190	9.181708335876465
20124209	9.181708335876465
20433738	9.181708335876465
20433757	9.181708335876465
20443738	9.181708335876465
20443757	9.181708335876465
20478948	9.181708335876465
20478969	9.181708335876465
20484405	9.181708335876465
20484499	9.181708335876465
20488948	9.181708335876465
20488969	9.181708335876465
20490596	9.181708335876465
20490615	9.181708335876465
20494405	9.181708335876465
20494499	9.181708335876465
20500596	9.181708335876465
20500615	9.181708335876465
20641971	9.181708335876465
20641990	9.181708335876465
20644833	9.181708335876465
20644876	9.181708335876465
20644916	9.181708335876465
20644927	9.181708335876465
20644970	9.181708335876465
20645131	9.181708335876465
20651971	9.181708335876465
20651990	9.181708335876465
20654833	9.181708335876465
20654876	9.181708335876465
20654916	9.181708335876465
20654927	9.181708335876465
20654970	9.181708335876465
20655131	9.181708335876465
20664480	9.181708335876465
20664499	9.181708335876465
20674480	9.181708335876465
20674499	9.181708335876465
20738689	9.181708335876465
20738708	9.181708335876465
20748689	9.181708335876465
20748708	9.181708335876465
20751372	9.181708335876465
20751391	9.181708335876465
20758759	9.181708335876465
20758778	9.181708335876465
20761372	9.181708335876465
20761391	9.181708335876465
20768759	9.181708335876465
20768778	9.181708335876465
20785745	9.181708335876465
20785764	9.181708335876465
20795745	9.181708335876465
20795764	9.181708335876465
20891218	9.181708335876465
20891238	9.181708335876465
20901218	9.181708335876465
20901238	9.181708335876465
20953160	9.181708335876465
20953179	9.181708335876465
20963160	9.181708335876465
20963179	9.181708335876465
20964683	9.181708335876465
20964702	9.181708335876465
20974683	9.181708335876465
20974702	9.181708335876465
21079583	9.181708335876465
21079610	9.181708335876465
21089583	9.181708335876465
21089610	9.181708335876465
21109645	9.181708335876465
21109664	9.181708335876465
21119645	9.181708335876465
21119664	9.181708335876465
21162914	9.181708335876465
21163083	9.181708335876465
21172914	9.181708335876465
21173083	9.181708335876465
21179100	9.181708335876465
21179246	9.181708335876465
21189100	9.181708335876465
21189246	9.181708335876465
21409170	9.181708335876465
21409172	9.181708335876465
21409190	9.181708335876465
21409192	9.181708335876465
21419170	9.181708335876465
21419172	9.181708335876465
21419190	9.181708335876465
21419192	9.181708335876465
21590560	9.181708335876465
21590579	9.181708335876465
21600560	9.181708335876465
21600579	9.181708335876465
21617530	9.181708335876465
21617549	9.181708335876465
21627530	9.181708335876465
21627549	9.181708335876465
21749034	9.181708335876465
21749053	9.181708335876465
21759034	9.181708335876465
21759053	9.181708335876465
22210667	9.181708335876465
22210686	9.181708335876465
22220667	9.181708335876465
22220686	9.181708335876465
22248389	9.181708335876465
22248408	9.181708335876465
22258389	9.181708335876465
22258408	9.181708335876465
26310238	9.181708335876465
26310296	9.181708335876465
26310304	9.181708335876465
26320238	9.181708335876465
26320296	9.181708335876465
26320304	9.181708335876465
26392582	9.181708335876465
26392728	9.181708335876465
26398056	9.181708335876465
26398092	9.181708335876465
26398105	9.181708335876465
26398115	9.181708335876465
26398127	9.181708335876465
26398148	9.181708335876465
26398172	9.181708335876465
26398215	9.181708335876465
26398231	9.181708335876465
26398237	9.181708335876465
26398261	9.181708335876465
26398272	9.181708335876465
26398295	9.181708335876465
26398300	9.181708335876465
26398311	9.181708335876465
26398312	9.181708335876465
26398313	9.181708335876465
26398318	9.181708335876465
26398361	9.181708335876465
26398388	9.181708335876465
26398419	9.181708335876465
26398433	9.181708335876465
26398457	9.181708335876465
26398479	9.181708335876465
26402582	9.181708335876465
26402728	9.181708335876465
26408056	9.181708335876465
26408092	9.181708335876465
26408105	9.181708335876465
26408115	9.181708335876465
26408127	9.181708335876465
26408148	9.181708335876465
26408172	9.181708335876465
26408215	9.181708335876465
26408231	9.181708335876465
26408237	9.181708335876465
26408261	9.181708335876465
26408272	9.181708335876465
26408295	9.181708335876465
26408300	9.181708335876465
26408311	9.181708335876465
26408312	9.181708335876465
26408313	9.181708335876465
26408318	9.181708335876465
26408361	9.181708335876465
26408388	9.181708335876465
26408419	9.181708335876465
26408433	9.181708335876465
26408457	9.181708335876465
26408479	9.181708335876465
26420340	9.181708335876465
26420462	9.181708335876465
26430340	9.181708335876465
26430462	9.181708335876465
26431332	9.181708335876465
26431539	9.181708335876465
26431652	9.181708335876465
26431740	9.181708335876465
26432285	9.181708335876465
26432440	9.181708335876465
26434895	9.181708335876465
26435075	9.181708335876465
26435478	9.181708335876465
26435547	9.181708335876465
26435617	9.181708335876465
26435618	9.181708335876465
26436039	9.181708335876465
26436064	9.181708335876465
26436080	9.181708335876465
26436087	9.181708335876465
26436200	9.181708335876465
26436210	9.181708335876465
26436217	9.181708335876465
26436266	9.181708335876465
26436268	9.181708335876465
26436271	9.181708335876465
26436325	9.181708335876465
26436337	9.181708335876465
26436349	9.181708335876465
26436364	9.181708335876465
26436414	9.181708335876465
26436423	9.181708335876465
26436428	9.181708335876465
26436506	9.181708335876465
26436647	9.181708335876465
26441332	9.181708335876465
26441539	9.181708335876465
26441652	9.181708335876465
26441740	9.181708335876465
26442285	9.181708335876465
26442440	9.181708335876465
26444895	9.181708335876465
26445075	9.181708335876465
26445478	9.181708335876465
26445547	9.181708335876465
26445617	9.181708335876465
26445618	9.181708335876465
26446039	9.181708335876465
26446064	9.181708335876465
26446080	9.181708335876465
26446087	9.181708335876465
26446200	9.181708335876465
26446210	9.181708335876465
26446217	9.181708335876465
26446266	9.181708335876465
26446268	9.181708335876465
26446271	9.181708335876465
26446325	9.181708335876465
26446337	9.181708335876465
26446349	9.181708335876465
26446364	9.181708335876465
26446414	9.181708335876465
26446423	9.181708335876465
26446428	9.181708335876465
26446506	9.181708335876465
26446647	9.181708335876465
26461476	9.181708335876465
26461484	9.181708335876465
26461702	9.181708335876465
26461703	9.181708335876465
26471476	9.181708335876465
26471484	9.181708335876465
26471702	9.181708335876465
26471703	9.181708335876465
26492875	9.181708335876465
26492894	9.181708335876465
26502875	9.181708335876465
26502894	9.181708335876465
26545709	9.181708335876465
26545754	9.181708335876465
26555709	9.181708335876465
26555754	9.181708335876465
26558060	9.181708335876465
26558146	9.181708335876465
26558147	9.181708335876465
26558258	9.181708335876465
26558274	9.181708335876465
26568060	9.181708335876465
26568146	9.181708335876465
26568147	9.181708335876465
26568258	9.181708335876465
26568274	9.181708335876465
26618093	9.181708335876465
26618132	9.181708335876465
26622186	9.181708335876465
26622205	9.181708335876465
26628093	9.181708335876465
26628132	9.181708335876465
26632186	9.181708335876465
26632205	9.181708335876465
